-91
55
72
-70
56
47
23
99
23
62
4
54
61
-95
33
89
-50
83
-24
98
26
-67
41
36
57
-9
-25
-100
-63
91
49
-80
92
-66
14
-12
-16
-17
-57
77
-18
-26
93
77
18
-28
100
-66
-21
54
-38
23
-58
-6
44
76
-86
-64
-27
-36
-28
23
61
33
-87
-16
63
27
-8
-56
4
68
39
0
16
-49
-59
64
-83
-16
-8
-60
21
-16
28
-74
78
-3
-9
38
-26
-52
-91
79
4
59
14
-41
64
-66
10
-27
43
-66
-50
-5
84
43
79
-8
35
-50
-81
89
73
-68
-99
-23
-96
88
6
-35
-65
54
71
-44
58
60
96
58
38
82
-100
83
75
-81
-3
-13
-67
-67
-58
-65
19
99
-98
-76
-72
-80
-94
-28
57
-64
-45
77
28
-56
-63
89
-36
95
38
-76
47
-80
54
54
-51
-64
-86
53
35
15
-56
72
46
-29
47
-64
52
46
-73
37
54
24
-100
2
27
-76
-45
30
82
9
-77
-61
-4
-83
-12
-2
-55
-52
75
93
-95
-46
38
-58
93
-17
-69
-43
-2
-100
-63
18
67
-100
-29
-77
-81
-48
-73
-75
82
-15
71
-74
-9
-95
-24
28
83
-52
92
3
72
-65
32
0
87
59
10
-57
94
98
-69
81
-28
6
-28
-5
47
-35
-21
93
-79
50
-90
21
-17
11
51
88
-94
3
-25
-51
-91
34
46
31
-31
72
-63
-39
43
84
-68
84
-47
90
55
86
33
81
81
17
70
99
-18
-78
-76
-90
-84
-25
-92
22
-64
-10
23
83
72
38
60
41
-74
76
-72
-82
-50
-63
18
-73
-33
-7
57
65
-46
-74
23
58
-20
-90
-49
24
7
-42
55
63
-48
-80
47
42
-40
-29
-82
-84
-74
92
55
-96
-11
52
49
-56
4
97
44
24
18
-57
-32
-90
67
66
2
61
-13
-65
-66
69
-79
-35
66
-71
-9
76
68
97
-26
41
39
-38
-29
19
-32
29
-38
-94
-80
10
15
-70
-56
-91
53
36
75
-6
69
-43
30
92
58
87
83
-76
86
19
54
29
-71
47
-51
78
4
-95
40
-52
-2
74
-1
-20
-85
24
-47
91
-79
56
-23
55
-100
-27
-73
-83
-89
48
5
-15
36
-57
43
43
-47
-9
-19
68
82
-33
6
48
97
27
96
96
58
-50
76
-67
33
92
-98
-70
-58
100
28
56
20
-68
67
57
0
-46
13
-46
-70
57
-74
24
-57
-15
-91
54
-50
30
58
-26
-23
-69
-41
62
72
-29
53
44
-59
13
0
-47
64
25
-52
49
1
49
-53
43
-87
42
66
-99
-77
-48
91
-53
83
-52
80
13
-58
-47
-22
-12
73
-96
86
-71
1
70
-87
17
-44
74
60
19
-63
-40
-47
1
-18
-86
-39
36
-34
-42
38
19
-19
6
62
93
33
88
-89
11
-54
61
77
-4
64
-82
-59
-56
28
-52
45
-51
-7
-28
-90
22
96
-21
-70
-73
93
42
-79
15
-34
-34
49
96
-92
-79
85
-32
63
-51
-28
-24
-16
57
38
-36
74
-84
-92
-82
14
-11
-74
-92
-5
-61
97
-46
58
84
19
5
40
-38
-71
-3
-31
-55
-64
7
-37
-24
-13
-57
100
34
-62
-62
41
66
-46
76
34
-97
-100
78
-60
40
0
69
-76
31
11
79
31
68
37
-78
28
-59
95
28
81
1
55
-63
-99
83
-91
62
-99
59
13
92
30
43
71
36
-39
-49
-44
30
45
-32
-18
33
66
9
13
-68
98
-85
11
0
72
26
95
-68
-51
64
76
-42
31
39
67
-34
-83
20
-52
88
97
-100
61
-24
85
-36
83
13
-81
-79
-28
-7
-31
77
64
86
-52
-87
-81
-97
49
38
-13
-3
-24
99
100
-94
1
-84
16
-54
-40
26
-64
97
-45
-66
16
7
44
-18
-87
-73
-8
-17
89
54
75
81
-82
-96
0
-56
-61
-42
13
-37
-100
86
-35
76
-89
-98
6
-74
-68
44
41
68
31
-87
-3
13
-40
-34
25
-40
-95
93
-91
-55
-69
20
99
11
46
-85
-14
78
-16
92
-66
30
-58
68
-30
-89
22
-34
-49
-55
-87
-93
-50
-96
7
87
85
73
34
-47
-43
-93
77
-81
45
-8
-96
95
-20
-84
-43
63
-17
39
80
68
-29
-8
97
14
39
40
42
65
-69
-76
-30
94
-96
60
-69
14
-57
-70
34
-74
54
-78
-77
79
-94
27
86
-66
89
-49
24
11
-75
39
16
-7
77
-80
15
18
-34
-88
89
21
-79
-90
91
20
86
43
20
-47
-96
53
-86
-51
-31
-83
7
-89
54
7
76
81
0
59
69
-35
-57
38
37
-78
15
-84
60
41
-67
3
57
97
37
-35
-51
-55
31
-29
6
-28
25
-33
-76
59
14
4
64
60
-64
-93
-80
-37
-59
25
-23
-53
-94
-3
38
89
94
-27
-85
66
-39
10
-25
-11
-42
31
-51
-71
-47
-3
40
77
14
78
9
-89
-47
-100
5
-75
-18
-6
56
-89
89
-98
-61
-66
33
18
-22
-49
-49
-42
-2
-96
-72
-25
1
6
59
92
-90
45
85
0
33
-72
89
26
35
94
69
90
-16
67
54
-37
0
-44
-9
-85
-4
35
-82
-11
25
-44
-21
4
83
79